2020/05/02-10:59:23.391912 2f64 RocksDB version: 5.14.2
2020/05/02-10:59:23.391953 2f64 Git sha rocksdb_build_git_sha:@5089e121166c46956a8a21c8ef967f1896c239de@
2020/05/02-10:59:23.391970 2f64 Compile date Jul  6 2018
2020/05/02-10:59:23.391983 2f64 DB SUMMARY
2020/05/02-10:59:23.392043 2f64 SST files in D:\01workspace\woekspace02\apache-storm-1.2.3\apache-storm-1.2.3\examples\storm-starter\crawl\link dir, Total Num: 0, files: 
2020/05/02-10:59:23.392059 2f64 Write Ahead Log file in D:\01workspace\woekspace02\apache-storm-1.2.3\apache-storm-1.2.3\examples\storm-starter\crawl\link: 
2020/05/02-10:59:23.392072 2f64                         Options.error_if_exists: 0
2020/05/02-10:59:23.392084 2f64                       Options.create_if_missing: 1
2020/05/02-10:59:23.392238 2f64                         Options.paranoid_checks: 1
2020/05/02-10:59:23.392246 2f64                                     Options.env: 00000000012C2C20
2020/05/02-10:59:23.392253 2f64                                Options.info_log: 00000000230CD4F0
2020/05/02-10:59:23.392258 2f64                Options.max_file_opening_threads: 16
2020/05/02-10:59:23.392264 2f64                              Options.statistics: 0000000000000000
2020/05/02-10:59:23.392270 2f64                               Options.use_fsync: 0
2020/05/02-10:59:23.392275 2f64                       Options.max_log_file_size: 0
2020/05/02-10:59:23.392280 2f64                  Options.max_manifest_file_size: 18446744073709551615
2020/05/02-10:59:23.392286 2f64                   Options.log_file_time_to_roll: 0
2020/05/02-10:59:23.392291 2f64                       Options.keep_log_file_num: 1000
2020/05/02-10:59:23.392297 2f64                    Options.recycle_log_file_num: 0
2020/05/02-10:59:23.392302 2f64                         Options.allow_fallocate: 1
2020/05/02-10:59:23.392308 2f64                        Options.allow_mmap_reads: 0
2020/05/02-10:59:23.392313 2f64                       Options.allow_mmap_writes: 0
2020/05/02-10:59:23.392318 2f64                        Options.use_direct_reads: 0
2020/05/02-10:59:23.392324 2f64                        Options.use_direct_io_for_flush_and_compaction: 0
2020/05/02-10:59:23.392330 2f64          Options.create_missing_column_families: 0
2020/05/02-10:59:23.392335 2f64                              Options.db_log_dir: 
2020/05/02-10:59:23.392341 2f64                                 Options.wal_dir: D:\01workspace\woekspace02\apache-storm-1.2.3\apache-storm-1.2.3\examples\storm-starter\crawl\link
2020/05/02-10:59:23.392346 2f64                Options.table_cache_numshardbits: 6
2020/05/02-10:59:23.392352 2f64                      Options.max_subcompactions: 1
2020/05/02-10:59:23.392357 2f64                  Options.max_background_flushes: -1
2020/05/02-10:59:23.392363 2f64                         Options.WAL_ttl_seconds: 0
2020/05/02-10:59:23.392368 2f64                       Options.WAL_size_limit_MB: 0
2020/05/02-10:59:23.392374 2f64             Options.manifest_preallocation_size: 4194304
2020/05/02-10:59:23.392379 2f64                     Options.is_fd_close_on_exec: 1
2020/05/02-10:59:23.392385 2f64                   Options.advise_random_on_open: 1
2020/05/02-10:59:23.392390 2f64                    Options.db_write_buffer_size: 0
2020/05/02-10:59:23.392395 2f64                    Options.write_buffer_manager: 00000000230A53D0
2020/05/02-10:59:23.392401 2f64         Options.access_hint_on_compaction_start: 1
2020/05/02-10:59:23.392406 2f64  Options.new_table_reader_for_compaction_inputs: 0
2020/05/02-10:59:23.392412 2f64           Options.random_access_max_buffer_size: 1048576
2020/05/02-10:59:23.392417 2f64                      Options.use_adaptive_mutex: 0
2020/05/02-10:59:23.392423 2f64                            Options.rate_limiter: 0000000000000000
2020/05/02-10:59:23.392428 2f64     Options.sst_file_manager.rate_bytes_per_sec: 0
2020/05/02-10:59:23.392434 2f64                       Options.wal_recovery_mode: 2
2020/05/02-10:59:23.392439 2f64                  Options.enable_thread_tracking: 0
2020/05/02-10:59:23.392445 2f64                  Options.enable_pipelined_write: 0
2020/05/02-10:59:23.392469 2f64         Options.allow_concurrent_memtable_write: 1
2020/05/02-10:59:23.392477 2f64      Options.enable_write_thread_adaptive_yield: 1
2020/05/02-10:59:23.392482 2f64             Options.write_thread_max_yield_usec: 100
2020/05/02-10:59:23.392488 2f64            Options.write_thread_slow_yield_usec: 3
2020/05/02-10:59:23.392493 2f64                               Options.row_cache: None
2020/05/02-10:59:23.392499 2f64                              Options.wal_filter: None
2020/05/02-10:59:23.392504 2f64             Options.avoid_flush_during_recovery: 0
2020/05/02-10:59:23.392510 2f64             Options.allow_ingest_behind: 0
2020/05/02-10:59:23.392515 2f64             Options.preserve_deletes: 0
2020/05/02-10:59:23.392520 2f64             Options.two_write_queues: 0
2020/05/02-10:59:23.392526 2f64             Options.manual_wal_flush: 0
2020/05/02-10:59:23.392531 2f64             Options.max_background_jobs: 2
2020/05/02-10:59:23.392536 2f64             Options.max_background_compactions: -1
2020/05/02-10:59:23.392542 2f64             Options.avoid_flush_during_shutdown: 0
2020/05/02-10:59:23.392547 2f64           Options.writable_file_max_buffer_size: 1048576
2020/05/02-10:59:23.392553 2f64             Options.delayed_write_rate : 16777216
2020/05/02-10:59:23.392558 2f64             Options.max_total_wal_size: 0
2020/05/02-10:59:23.392564 2f64             Options.delete_obsolete_files_period_micros: 21600000000
2020/05/02-10:59:23.392569 2f64                   Options.stats_dump_period_sec: 600
2020/05/02-10:59:23.392575 2f64                          Options.max_open_files: -1
2020/05/02-10:59:23.392580 2f64                          Options.bytes_per_sync: 0
2020/05/02-10:59:23.392586 2f64                      Options.wal_bytes_per_sync: 0
2020/05/02-10:59:23.392591 2f64       Options.compaction_readahead_size: 0
2020/05/02-10:59:23.392597 2f64 Compression algorithms supported:
2020/05/02-10:59:23.392602 2f64 	kZSTD supported: 0
2020/05/02-10:59:23.392607 2f64 	kSnappyCompression supported: 0
2020/05/02-10:59:23.392613 2f64 	kBZip2Compression supported: 0
2020/05/02-10:59:23.392618 2f64 	kZlibCompression supported: 0
2020/05/02-10:59:23.392623 2f64 	kLZ4Compression supported: 0
2020/05/02-10:59:23.392628 2f64 	kXpressCompression supported: 0
2020/05/02-10:59:23.392634 2f64 	kLZ4HCCompression supported: 0
2020/05/02-10:59:23.392638 2f64 	kZSTDNotFinalCompression supported: 0
2020/05/02-10:59:23.392646 2f64 Fast CRC32 supported: Supported on x86
2020/05/02-10:59:23.393361 2f64 [c:\users\aretter\code\rocksdb\db\db_impl_open.cc:222] Creating manifest 1 
2020/05/02-10:59:23.409455 2f64 [c:\users\aretter\code\rocksdb\db\version_set.cc:3085] Recovering from manifest file: MANIFEST-000001
2020/05/02-10:59:23.409517 2f64 [c:\users\aretter\code\rocksdb\db\column_family.cc:475] --------------- Options for column family [default]:
2020/05/02-10:59:23.409526 2f64               Options.comparator: leveldb.BytewiseComparator
2020/05/02-10:59:23.409531 2f64           Options.merge_operator: None
2020/05/02-10:59:23.409536 2f64        Options.compaction_filter: None
2020/05/02-10:59:23.409541 2f64        Options.compaction_filter_factory: None
2020/05/02-10:59:23.409546 2f64         Options.memtable_factory: SkipListFactory
2020/05/02-10:59:23.409551 2f64            Options.table_factory: BlockBasedTable
2020/05/02-10:59:23.409580 2f64            table_factory options:   flush_block_policy_factory: FlushBlockBySizePolicyFactory (00000000230A2CC0)
  cache_index_and_filter_blocks: 0
  cache_index_and_filter_blocks_with_high_priority: 0
  pin_l0_filter_and_index_blocks_in_cache: 0
  index_type: 0
  hash_index_allow_collision: 1
  checksum: 1
  no_block_cache: 0
  block_cache: 0000000023115DE0
  block_cache_name: LRUCache
  block_cache_options:
    capacity : 8388608
    num_shard_bits : 4
    strict_capacity_limit : 0
    high_pri_pool_ratio: 0.000
  block_cache_compressed: 0000000000000000
  persistent_cache: 0000000000000000
  block_size: 4096
  block_size_deviation: 10
  block_restart_interval: 16
  index_block_restart_interval: 1
  metadata_block_size: 4096
  partition_filters: 0
  use_delta_encoding: 1
  filter_policy: nullptr
  whole_key_filtering: 1
  verify_compression: 0
  read_amp_bytes_per_bit: 0
  format_version: 2
  enable_index_compression: 1
  block_align: 0
2020/05/02-10:59:23.409611 2f64        Options.write_buffer_size: 67108864
2020/05/02-10:59:23.409619 2f64  Options.max_write_buffer_number: 2
2020/05/02-10:59:23.409624 2f64          Options.compression: NoCompression
2020/05/02-10:59:23.409630 2f64                  Options.bottommost_compression: Disabled
2020/05/02-10:59:23.409635 2f64       Options.prefix_extractor: nullptr
2020/05/02-10:59:23.409639 2f64   Options.memtable_insert_with_hint_prefix_extractor: nullptr
2020/05/02-10:59:23.409644 2f64             Options.num_levels: 7
2020/05/02-10:59:23.409649 2f64        Options.min_write_buffer_number_to_merge: 1
2020/05/02-10:59:23.409654 2f64     Options.max_write_buffer_number_to_maintain: 0
2020/05/02-10:59:23.409659 2f64            Options.compression_opts.window_bits: -14
2020/05/02-10:59:23.409664 2f64                  Options.compression_opts.level: -1
2020/05/02-10:59:23.409669 2f64               Options.compression_opts.strategy: 0
2020/05/02-10:59:23.409675 2f64         Options.compression_opts.max_dict_bytes: 0
2020/05/02-10:59:23.409679 2f64         Options.compression_opts.zstd_max_train_bytes: 0
2020/05/02-10:59:23.409685 2f64      Options.level0_file_num_compaction_trigger: 4
2020/05/02-10:59:23.409690 2f64          Options.level0_slowdown_writes_trigger: 20
2020/05/02-10:59:23.409695 2f64              Options.level0_stop_writes_trigger: 36
2020/05/02-10:59:23.409699 2f64                   Options.target_file_size_base: 67108864
2020/05/02-10:59:23.409705 2f64             Options.target_file_size_multiplier: 1
2020/05/02-10:59:23.409710 2f64                Options.max_bytes_for_level_base: 268435456
2020/05/02-10:59:23.409715 2f64 Options.level_compaction_dynamic_level_bytes: 0
2020/05/02-10:59:23.409720 2f64          Options.max_bytes_for_level_multiplier: 10.000000
2020/05/02-10:59:23.409726 2f64 Options.max_bytes_for_level_multiplier_addtl[0]: 1
2020/05/02-10:59:23.409731 2f64 Options.max_bytes_for_level_multiplier_addtl[1]: 1
2020/05/02-10:59:23.409736 2f64 Options.max_bytes_for_level_multiplier_addtl[2]: 1
2020/05/02-10:59:23.409742 2f64 Options.max_bytes_for_level_multiplier_addtl[3]: 1
2020/05/02-10:59:23.409747 2f64 Options.max_bytes_for_level_multiplier_addtl[4]: 1
2020/05/02-10:59:23.409751 2f64 Options.max_bytes_for_level_multiplier_addtl[5]: 1
2020/05/02-10:59:23.409757 2f64 Options.max_bytes_for_level_multiplier_addtl[6]: 1
2020/05/02-10:59:23.409762 2f64       Options.max_sequential_skip_in_iterations: 8
2020/05/02-10:59:23.409767 2f64                    Options.max_compaction_bytes: 1677721600
2020/05/02-10:59:23.409772 2f64                        Options.arena_block_size: 8388608
2020/05/02-10:59:23.409777 2f64   Options.soft_pending_compaction_bytes_limit: 68719476736
2020/05/02-10:59:23.409782 2f64   Options.hard_pending_compaction_bytes_limit: 274877906944
2020/05/02-10:59:23.409787 2f64       Options.rate_limit_delay_max_milliseconds: 100
2020/05/02-10:59:23.409792 2f64                Options.disable_auto_compactions: 0
2020/05/02-10:59:23.409798 2f64                        Options.compaction_style: kCompactionStyleLevel
2020/05/02-10:59:23.409803 2f64                          Options.compaction_pri: kByCompensatedSize
2020/05/02-10:59:23.409809 2f64 Options.compaction_options_universal.size_ratio: 1
2020/05/02-10:59:23.409814 2f64 Options.compaction_options_universal.min_merge_width: 2
2020/05/02-10:59:23.409819 2f64 Options.compaction_options_universal.max_merge_width: 4294967295
2020/05/02-10:59:23.409824 2f64 Options.compaction_options_universal.max_size_amplification_percent: 200
2020/05/02-10:59:23.409829 2f64 Options.compaction_options_universal.compression_size_percent: -1
2020/05/02-10:59:23.409835 2f64 Options.compaction_options_universal.stop_style: kCompactionStopStyleTotalSize
2020/05/02-10:59:23.409841 2f64 Options.compaction_options_fifo.max_table_files_size: 1073741824
2020/05/02-10:59:23.409847 2f64 Options.compaction_options_fifo.allow_compaction: 0
2020/05/02-10:59:23.409852 2f64 Options.compaction_options_fifo.ttl: 0
2020/05/02-10:59:23.409857 2f64                   Options.table_properties_collectors: 
2020/05/02-10:59:23.409862 2f64                   Options.inplace_update_support: 0
2020/05/02-10:59:23.409867 2f64                 Options.inplace_update_num_locks: 10000
2020/05/02-10:59:23.409872 2f64               Options.memtable_prefix_bloom_size_ratio: 0.000000
2020/05/02-10:59:23.409878 2f64   Options.memtable_huge_page_size: 0
2020/05/02-10:59:23.409883 2f64                           Options.bloom_locality: 0
2020/05/02-10:59:23.409887 2f64                    Options.max_successive_merges: 0
2020/05/02-10:59:23.409893 2f64                Options.optimize_filters_for_hits: 0
2020/05/02-10:59:23.409898 2f64                Options.paranoid_file_checks: 0
2020/05/02-10:59:23.409903 2f64                Options.force_consistency_checks: 0
2020/05/02-10:59:23.409907 2f64                Options.report_bg_io_stats: 0
2020/05/02-10:59:23.409912 2f64                               Options.ttl: 0
2020/05/02-10:59:23.410817 2f64 [c:\users\aretter\code\rocksdb\db\version_set.cc:3361] Recovered from manifest file:D:\01workspace\woekspace02\apache-storm-1.2.3\apache-storm-1.2.3\examples\storm-starter\crawl\link/MANIFEST-000001 succeeded,manifest_file_number is 1, next_file_number is 3, last_sequence is 0, log_number is 0,prev_log_number is 0,max_column_family is 0,min_log_number_to_keep is 0
2020/05/02-10:59:23.410831 2f64 [c:\users\aretter\code\rocksdb\db\version_set.cc:3369] Column family [default] (ID 0), log number is 0
2020/05/02-10:59:23.420284 2f64 [c:\users\aretter\code\rocksdb\db\db_impl_open.cc:1219] DB pointer 000000002318F380
2020/05/02-10:59:24.443157 2f64 [c:\users\aretter\code\rocksdb\db\db_impl.cc:252] Shutdown: canceling all background work
2020/05/02-10:59:24.446041 2f64 [c:\users\aretter\code\rocksdb\db\db_impl.cc:398] Shutdown complete
